415.53503
682.6882
497.85672
415.27563
696.526
576.16644
574.5083
522.69763
523.04834
484.67465
522.79407
283.23553
425.0002
660.52295
657.3733
286.55325
544.2479
574.66284
604.95544
893.69806
614.25867
554.8832
676.1588
595.705
568.63165
583.2771
828.67505
437.29877
631.26953
489.9324
682.23944
652.07007
583.05066
565.33856
509.55405
442.20264
612.7047
443.22574
417.97815
351.56772
777.4388
430.8049
531.4619
687.3814
510.28152
574.3476
607.0174
415.54175
358.54047
403.82523
595.1684
513.5098
634.9595
428.35947
450.53912
457.54108
607.79865
438.42358
734.53174
397.67416
562.9526
535.77203
475.6482
528.675
659.87354
787.0805
653.23157
502.1378
671.9381
465.42606
915.50165
624.9011
597.4671
518.4623
495.85492
551.91455
663.8196
546.0592
380.3967
453.81448
611.5944
638.1422
699.1913
425.01584
342.03467
474.79993
684.5272
574.84076
638.6124
475.26895
452.58765
575.9391
615.92676
630.9704
697.74866
419.8929
471.07593
615.8313
494.57968
602.2282
552.6575
504.1364
404.29486
499.09827
711.29095
511.58838
454.87393
351.9124
458.46417
519.5397
530.2663
508.6463
324.67737
630.46027
602.8927
482.8687
373.52496
436.04022
509.44574
677.20593
596.6638
421.03696
718.00525
514.5277
601.59454
569.98376
511.291
517.96027
496.86942
604.0261
418.54578
512.98755
544.25397
547.1233
631.518
419.91437
540.40875
614.5697
466.45932
475.77975
427.44443
589.70233
579.9644
576.5394
506.70395
673.459
468.01846
932.2216
766.2473
473.86285
489.6798
510.37988
466.39734
450.7427
399.99634
645.254
426.77985
654.99774
602.7126
416.0883
535.1177
549.6485
483.70193
407.55283
558.51416
574.09686
564.9345
527.23254
569.13446
560.3349
418.06204
442.95425
562.70306
541.45404
571.771
411.75177
383.25363
513.3149
617.9038
675.32764
474.71783
635.179
654.718
1070.8654
437.59064
675.32764
452.59262
490.90192
411.3859
362.1414
449.36038
742.06665
586.55005
360.3206
555.74896
626.9281
584.7246
530.8365
564.2305
445.92154
409.45828
719.39435
515.3911
355.9238
724.5782
613.9669
594.63434
438.98447
543.0864
592.1448
418.8549
533.2717
509.59537
513.1429
633.9403
499.2866
698.8157
579.85834
652.88763
613.7892
715.0071
730.4015
485.24976
395.90616
686.2203
397.30353
438.83017
461.39548
609.5515
562.3665
535.86456
539.08496
498.29865
534.78625
500.92612
518.2829
545.13293
418.74377
390.3067
804.719
712.20667
658.99255
462.53372
489.13663
733.6882
510.57196
629.8841
554.165
594.0736
399.88452
769.8428
886.7533
510.68604
506.21518
545.3087
417.12292
617.5011
502.33478
474.4803
548.71564
376.04266
398.89847
335.14932
507.29736
658.4402
634.8738
564.7382
533.263
424.64706
558.3688
517.69415
451.99762
528.75446
563.937
462.20624
512.0912
420.95312
348.9653
436.23276
513.69434
486.50107
393.0378
463.4152
508.49582
633.4343
419.26855
426.37622
364.9644
636.96313
416.63364
374.34146
511.47076
357.47592
580.6395
538.395
462.48773
789.1512
549.48645
618.7275
604.4721
536.00726
467.3926
530.64795
433.78735
