508.43613
618.81494
534.52057
437.72797
729.69617
597.5064
486.99594
486.3906
524.7947
515.6534
514.8598
385.33356
483.11438
641.949
603.79816
387.55762
487.12225
578.61066
589.6023
775.7037
629.1531
612.4966
606.51215
608.2058
555.8089
530.81146
717.14886
828.83923
630.9112
546.1623
640.5983
625.0658
555.33136
546.6831
473.63214
442.07416
535.9195
466.87378
445.11285
373.02222
705.8496
457.69455
582.2653
626.215
578.66766
542.1485
642.72406
513.46387
464.4966
460.45023
574.13525
511.91608
584.6224
489.16934
459.35596
488.28876
582.6547
470.9177
661.4166
447.8443
686.6881
592.84674
542.2662
551.4401
667.15076
550.4043
601.89545
573.3424
628.52094
482.2741
635.67816
608.0162
592.4391
590.4164
577.9391
574.5957
623.76263
536.2883
389.8064
444.5403
1308.6377
661.5122
645.6797
459.82755
425.56882
714.18854
657.4574
384.7364
645.77515
560.43994
512.4075
539.18774
540.1457
536.88385
636.60895
649.5069
488.75342
596.45734
472.91144
568.1484
434.267
553.57385
507.27426
529.4287
645.82874
540.58167
1102.6239
429.3723
508.30936
555.92664
604.8129
558.19666
439.43668
634.74915
653.2232
468.33035
435.63684
532.5488
616.37555
555.4232
580.153
451.83435
695.1179
491.09152
622.7169
611.1963
515.99817
523.31494
525.14166
574.6122
443.80792
569.8848
608.379
568.51624
455.3553
502.07596
543.4373
665.44257
473.60815
468.96332
495.14825
535.3809
617.5708
662.2776
518.3979
639.06006
475.228
759.982
919.8725
480.96207
512.59784
444.67303
484.5035
542.571
665.54346
609.38855
504.12506
619.7854
601.14545
443.32913
434.0491
558.3204
544.5857
444.43927
560.8624
583.60583
547.4206
569.822
598.63794
575.72845
463.68393
495.31158
549.9253
531.793
485.95322
460.9817
434.60245
542.60364
612.27527
581.216
474.73224
489.02277
568.3091
627.3889
581.884
581.216
492.39444
609.43085
424.84317
469.34973
554.4822
730.70654
580.9319
406.10406
611.9362
622.53827
552.4465
557.1328
515.1746
491.83176
467.94366
608.9365
557.71497
377.44284
664.5989
569.6581
356.55255
448.28842
476.86877
537.30927
485.7316
531.2036
475.41864
540.121
576.6652
518.9148
666.3963
532.4014
620.56396
749.1233
696.2819
675.45776
505.77322
461.51175
656.2599
479.3072
444.96478
486.54272
623.99335
600.7279
484.8084
604.8321
493.13843
587.4715
548.7648
552.154
737.7636
461.1731
384.7541
634.5883
646.75214
639.33887
490.4442
515.5691
651.9755
675.5162
657.3977
570.8309
639.5935
477.58984
738.88104
775.7037
522.327
522.51624
552.2879
581.0891
657.4574
510.3954
514.47614
531.39
408.22397
503.58542
415.50363
527.4286
623.75397
616.40466
576.2709
572.437
470.99707
645.1474
534.3092
463.093
503.1406
437.43024
507.9874
550.38196
393.3913
428.01947
572.7388
545.4712
551.60284
415.39487
470.2081
539.9408
671.3326
458.9792
430.7616
477.63004
610.2096
448.79745
378.71152
537.48975
460.04266
601.6379
567.93866
541.2711
545.0576
553.1361
642.00757
605.5405
554.64825
514.44794
569.6832
472.71573
