2634.3548387096776
5216.378565436242
3012.734546833523
4866.227171492205
5053.813240418119
9472.971563981042
1906.2261663286004
8525.814716781366
4223.639871382637
2634.3548387096776
7351.011093502377
1817.993172690763
5216.378565436242
7351.011093502377
4223.639871382637
5216.378565436242
2000.0066964285713
3012.734546833523
6878.621327529924
5836.089706356889
3354.81993896236
5216.378565436242
6800.057203389831
5216.378565436242
1968.711743772242
8244.698136391562
6316.43125
5216.378565436242
6276.333969465649
5216.378565436242
6316.43125
6276.333969465649
8753.119684082625
5836.089706356889
5216.378565436242
6941.549572219426
3012.734546833523
6442.143558282209
6442.143558282209
3697.6288764616165
1352.5045045045044
5216.378565436242
3272.674692874693
8244.698136391562
3313.9876619370757
5216.378565436242
4608.333333333333
6213.074685062988
3554.5758039816233
5216.378565436242
7351.011093502377
5053.813240418119
5216.378565436242
5216.378565436242
4608.333333333333
5216.378565436242
2596.665676077266
1183.2552631578947
3697.6288764616165
2924.196456487754
1983.2953682611997
8244.698136391562
3354.81993896236
1817.993172690763
8555.304814962197
1776.9595898673101
2634.3548387096776
3546.3506355932204
4608.333333333333
4216.99227202473
9008.01917989418
4608.333333333333
7351.011093502377
3012.734546833523
5053.813240418119
6941.549572219426
4608.333333333333
5216.378565436242
3697.6288764616165
7562.229722064662
10683.763096168883
6400.762348555452
6941.549572219426
1922.4289772727273
5216.378565436242
6316.43125
4866.227171492205
2171.0219298245615
3354.81993896236
5053.813240418119
1906.2261663286004
6316.43125
3180.434309623431
6213.074685062988
6213.074685062988
6213.074685062988
3697.6288764616165
6316.43125
1418.382585751979
8054.103147516117
3354.81993896236
2924.196456487754
8244.698136391562
6400.762348555452
4665.588766298897
4223.639871382637
8054.103147516117
6400.762348555452
6941.549572219426
6386.612522686026
4866.227171492205
2924.196456487754
6213.074685062988
4223.639871382637
4223.639871382637
5216.378565436242
2634.3548387096776
3697.6288764616165
4608.333333333333
4216.99227202473
8525.814716781366
3554.5758039816233
7351.011093502377
4608.333333333333
3394.8445349626613
6213.074685062988
4866.227171492205
4223.639871382637
5216.378565436242
1681.471590909091
5216.378565436242
6590.943887775551
2634.3548387096776
8244.698136391562
1983.2953682611997
3697.6288764616165
4608.333333333333
4866.227171492205
3012.734546833523
6386.612522686026
3313.9876619370757
2924.196456487754
3330.6
2634.3548387096776
2924.196456487754
7701.436055469954
2924.196456487754
5053.813240418119
6400.762348555452
7562.229722064662
2596.665676077266
8525.814716781366
2021.4692653673164
1594.25
7562.229722064662
6213.074685062988
2163.009638554217
7351.011093502377
9652.278048780488
1983.2953682611997
1922.4289772727273
6941.549572219426
2148.9156462585033
2634.3548387096776
6386.612522686026
2924.196456487754
3354.81993896236
5216.378565436242
5053.813240418119
6213.074685062988
2596.665676077266
2000.327939369111
5216.378565436242
1983.2953682611997
6941.549572219426
3052.5593607305937
4223.639871382637
6316.43125
6213.074685062988
10417.712404712405
3313.9876619370757
8525.814716781366
6316.43125
3272.674692874693
6213.074685062988
10417.712404712405
6800.057203389831
4714.4324324324325
2021.4692653673164
6400.762348555452
7401.642297650131
5216.378565436242
1084.5180055401663
4216.99227202473
5216.378565436242
6400.762348555452
1922.4289772727273
7200.191040843215
6316.43125
6213.074685062988
3733.9444444444443
4608.333333333333
4223.639871382637
7351.011093502377
6386.612522686026
4223.639871382637
5216.378565436242
6213.074685062988
4223.639871382637
4866.227171492205
8244.698136391562
7701.436055469954
5216.378565436242
2634.3548387096776
5216.378565436242
3272.674692874693
3554.5758039816233
4866.227171492205
2924.196456487754
3330.6
4216.99227202473
9008.01917989418
3354.81993896236
5053.813240418119
4608.333333333333
3050.6545454545453
3272.674692874693
5053.813240418119
6590.943887775551
2148.9156462585033
6213.074685062988
3313.9876619370757
7351.011093502377
4216.99227202473
4608.333333333333
2163.009638554217
4223.639871382637
5216.378565436242
1913.3009259259259
5216.378565436242
3697.6288764616165
8054.103147516117
4216.99227202473
3012.734546833523
7401.642297650131
3330.6
4866.227171492205
2000.0066964285713
5216.378565436242
5836.089706356889
6400.762348555452
6400.762348555452
3554.5758039816233
2000.0066964285713
4223.639871382637
3394.8445349626613
3354.81993896236
6400.762348555452
6941.549572219426
3697.6288764616165
2171.0219298245615
3272.674692874693
6800.057203389831
3354.81993896236
6941.549572219426
2634.3548387096776
5836.089706356889
8525.814716781366
3012.734546833523
3272.674692874693
3272.674692874693
2006.180035650624
6213.074685062988
1983.2953682611997
8054.103147516117
6213.074685062988
5216.378565436242
3180.434309623431
4216.99227202473
6213.074685062988
2596.665676077266
1913.6452623335945
5216.378565436242
4665.588766298897
6316.43125
2634.3548387096776
2000.327939369111
6400.762348555452
8244.698136391562
6213.074685062988
2000.327939369111
2924.196456487754
1983.2953682611997
2000.327939369111
5216.378565436242
4665.588766298897
4216.99227202473
6213.074685062988
7351.011093502377
8753.119684082625
4223.639871382637
6213.074685062988
2126.481735159817
4223.639871382637
