420.0
251.0
274.0
263.0
741.0
880.0
2474.0
1647.0
1711.0
155.0
3156.0
488.0
1728.0
146.0
5334.0
731.0
8509.0
1890.0
2876.0
227.0
909.0
879.0
151.0
255.0
307.0
248.0
149.0
2501.0
1645.0
350.0
4441.0
832.0
110.0
782.0
235.0
153.0
627.0
205.0
206.0
438.0
119.0
321.0
178.0
271.0
374.0
290.0
863.0
209.0
471.0
2337.0
84.0
1049.0
198.0
336.0
1967.0
115.0
139.0
1712.0
3.0
246.0
868.0
470.0
1263.0
203.0
7115.0
700.0
289.0
239.0
223.0
87.0
4383.0
105.0
574.0
4971.0
489.0
228.0
342.0
1261.0
4911.0
159.0
543.0
115.0
173.0
133.0
155.0
303.0
2279.0
2187.0
2566.0
869.0
643.0
1379.0
1366.0
507.0
618.0
1784.0
151.0
4122.0
669.0
841.0
741.0
811.0
1661.0
579.0
136.0
364.0
136.0
85.0
118.0
399.0
422.0
147.0
509.0
320.0
451.0
1471.0
1023.0
1857.0
174.0
206.0
700.0
283.0
274.0
375.0
11116.0
509.0
918.0
85.0
302.0
6013.0
107.0
561.0
472.0
917.0
1278.0
406.0
190.0
364.0
293.0
115.0
793.0
988.0
270.0
1036.0
1551.0
200.0
116.0
157.0
165.0
5410.0
294.0
416.0
155.0
96.0
2022.0
1324.0
420.0
178.0
1181.0
993.0
299.0
1199.0
158.0
1429.0
125.0
105.0
288.0
171.0
320.0
140.0
487.0
375.0
830.0
1292.0
128.0
169.0
1268.0
116.0
324.0
1049.0754716981132
277.0
1638.0
525.0
283.0
125.0
1049.0754716981132
108.0
468.0
205.0
350.0
411.0
128.0
188.0
105.0
86.0
290.0
708.0
359.0
200.0
384.0
273.0
153.0
1932.0
147.0
528.0
261.0
891.0
115.0
617.0
216.0
168.0
90.0
253.0
159.0
523.0
7.0
9490.0
289.0
877.0
543.0
690.0
3.0
783.0
127.0
2303.0
1958.0
6250.0
436.0
1006.0
1820.0
364.0
631.0
218.0
89.0
348.0
117.0
419.0
328.0
205.0
1591.0
425.0
20364.0
101.0
501.0
2690.0
390.0
201.0
407.0
535.0
109.0
341.0
503.0
1199.0
204.0
1029.0
8545.0
286.0
141.0
3233.0
328.0
1651.0
926.0
1312.0
3019.0
122.0
368.0
2295.0
136.0
665.0
138.0
708.0
327.0
136.0
149.0
378.0
628.0
102.0
189.0
563.0
200.0
342.0
849.0
127.0
560.0
81.0
2285.0
190.0
198.0
146.0
115.0
418.0
976.0
111.0
437.0
177.0
5354.0
164.0
345.0
277.0
5893.0
1049.0
155.0
451.0
162.0
