1193.505167532644
3398.257662385528
201.39945032625232
712.9886095027622
937.9525068711084
706.3277629163754
1236.3449302234847
1034.1582362079562
1103.4030549846912
232.8396416630447
482.0694386715929
203.1357940662174
669.6455191859902
916.9317376725605
619.6426013244022
457.319703698614
895.4128769923261
851.7888072691179
759.1905145516539
1259.4673739976843
363.3851388008504
560.7658596603897
1045.5115503777884
751.4327754658013
2148.5815723299957
264.6737826343421
1574.6359420679623
875.8059048174504
1094.1118984620607
800.1838570397935
665.5375515887496
1384.7378504695594
1116.5781998136074
871.5342944752692
403.38640731190344
660.4441337669962
802.20267203025
1006.6903435638652
2257.875507477131
503.71459758228883
1615.5764554844864
751.5283567239762
1175.7404523801197
818.1986922593177
985.5097864857487
849.619891568898
795.233730612066
848.6692793087548
200.04036880347638
616.7008916550847
605.9792829163107
689.0341678207253
920.631881471558
432.26035125093296
510.53853126736743
366.0858722487736
806.6490845045078
692.4691696961165
1449.4422027182434
388.160568390165
2254.5284528168227
684.0501553293709
584.3232178391015
435.014914178115
964.5790163927469
519.0347416467782
1423.4439960559303
1768.8173706272948
1164.4141967385794
699.472606144045
1257.1278619351774
855.712186381295
817.9025792526461
624.1467208814391
327.541948978013
1634.950522043085
1003.2041165201132
513.0131268875951
494.8506736777366
1576.0110897799836
1954.9650006076185
1248.749269962618
1040.9907758842728
306.5338403286822
587.1335009162498
742.4687183023025
1198.082687610412
619.2102277261594
783.0195588713199
604.3680177946014
248.53557862017527
543.4498525622819
543.2158533645311
1178.8486515731413
944.4128196048339
544.2824764227828
917.96710210217
1329.5255983629963
749.522229120399
965.4111943772486
532.4056768716972
256.0134816258875
622.3608035167496
687.973150634699
888.4307999680188
569.8932194747266
952.4436087146778
903.802168317448
561.1075281323406
774.7719574555761
600.3825172509316
1021.1183313582292
1240.2063009500373
1046.1209007513755
654.0938347413108
460.1602501849436
713.1025322241345
879.3255161845535
1158.7432281704548
358.50295460750783
809.8902345230831
682.9747979089432
883.2168693070734
613.7425742019915
1463.2369027980724
809.2693692172621
1563.3101765486456
542.5813924484485
825.4390846854715
196.97587571898006
518.4625947727029
716.8612787964544
2633.0761698318597
866.3411586277732
321.9849579966637
219.27197633848
1689.2284155998577
805.6630187575124
412.45955972592907
908.778969070248
705.591274861221
253.76169917468025
1251.656928943358
2604.993622872092
801.4455970022724
633.447313331346
894.9451156328811
1039.8859266046863
1082.7899838773646
392.7060735357581
1270.9681426339778
1053.6234802152212
366.1179309707425
558.7039919807797
156.01493201358718
781.8646499274622
408.9603678721313
1004.8718061558476
2150.5013681310893
585.1055788393513
524.0675354549411
1020.3422070529961
551.8809410070174
102.66072742111643
717.321026235432
875.9552492223158
697.4110265346079
605.6756188446665
878.8097793892455
597.1948297844455
1073.9454071808598
923.2072754170285
571.0584146234143
630.9543660217519
528.6975328700657
406.3011955620565
737.3044618616598
394.97836825413043
539.3158999544178
1120.8188814870275
318.7455114527867
480.02726298957015
968.0151928146095
556.6003654669901
1712.9283031944801
1120.8188814870275
1056.0721851006972
759.6241486150764
275.78097939950743
223.43867898524968
1251.04324217802
805.4444126924765
834.1207358832442
507.3980826545599
1279.3693334660964
641.266310426308
519.1347048364419
665.6925783301552
986.1202367668914
294.17686591661976
618.1649937058569
932.8720835233048
897.8373308460168
254.89945325346878
1201.788773631578
978.4105047795333
772.473983715812
568.7503723299423
966.3762960323468
1118.824485317147
693.660972583178
886.9141227737767
781.4773565306791
606.999515198458
565.5237704725072
1201.6313178632897
1158.2283537200808
958.8655680692801
1179.1347013597654
1624.8626071858255
633.8313301250182
1211.343070627196
577.9775268042946
397.8402173827572
994.4789785146714
321.9079733340896
2189.6277356375776
760.0892884946607
681.9875067717581
997.5147404262718
326.3152793611278
743.1062118854801
755.0606586941636
1163.8650010512408
909.6394892393082
419.90443555921183
935.7673202836695
1052.609641406914
322.39702627374373
647.4598920427183
1329.7102219571661
1264.830872145888
500.84653409713155
762.8135613901262
2124.2034418723997
1107.5457034195565
842.0134798070663
773.5629807996096
835.3902961918626
903.1749354204887
918.4541249934458
1225.811776274847
29.755299650279838
750.0780417226206
792.2687767413088
1432.8870543569187
812.653375322424
778.228979558827
800.8072708365399
696.2418362336671
735.0601752288613
2610.8960472906037
467.5389830764039
709.7925253344566
1073.637891990756
550.6652453227906
375.70518732796955
457.7972041803116
705.6687348971037
406.7870862016389
730.5870422367483
262.07497714463346
484.300704862649
680.7569356217842
1915.1691037742235
770.6568540906892
521.6914797455422
513.6576982492445
931.2158805803318
1465.1415261852117
689.011547372978
1015.2196121151627
873.6175136550977
1090.2458932862062
1032.7364422106227
1183.3424869476105
688.2310761037608
422.94660647255057
1074.8833521143335
727.0824829267849
573.9641058776687
842.8594034461001
118.72695390955597
1211.4464327190722
554.2172414967159
742.8062689538176
513.2850039689163
622.7619351197851
1077.9685106388135
515.3842917889485
681.565255118439
786.7072576465481
765.8857866923744
555.0332768967786
