315.21377191682393
317.1501944393878
313.9855646734757
315.8381918432728
315.7539777925521
315.213422992975
317.6482269461256
315.7144009821495
313.0608142628667
315.21187826469907
315.21093762871095
316.44459672243465
314.4348025292039
315.4095461160063
316.7655933983821
312.6463203276993
318.635047569728
314.5822823527297
314.5087254801727
316.96894305261475
312.9169480169945
314.8953120221642
315.5798892618507
315.4346155354811
314.76451326152306
316.1878342099806
318.6347866399265
314.6990841545918
316.806464457561
313.93760937933365
315.61011198293534
315.69943396511167
315.3431617242374
314.9302501643036
311.83663352482165
317.66944626452954
314.94955182547557
314.4996386251638
314.84572749396693
312.2730694955162
313.2383530765624
316.0798082559827
315.78509123854275
314.6354292225332
314.19495384499027
315.74230465815714
314.0435775874823
314.27100022868314
313.8931852379703
315.2636004810979
314.995639169069
314.8972459380475
316.0712597772264
312.00403945880305
314.7894429731137
312.5956622268661
314.4038191897527
317.1949833946461
316.7014876174277
315.5806506261169
316.61562133482386
316.32448741599956
313.71028152678986
313.33578857465307
316.10653855625725
316.7013337773986
317.44533651681286
313.9927463800158
315.6447009931718
315.9232239333962
314.78934831303945
314.89708008370854
315.48646411257056
315.5468978145902
314.44747947343353
314.58016816803917
314.9290272261286
315.1325963900823
316.6943063597255
314.9608101202727
307.5263716575441
316.4213086661199
314.31561313091703
314.5608322775651
312.260561666596
312.64653747004786
314.2510930567219
317.9769097682072
316.73047038683814
314.5426950782499
314.4386550962631
317.4635694138635
315.5043568586369
314.92187326203276
315.0647292721934
317.61805383953435
316.2618525192885
316.09691120401203
315.21169235866176
316.63327493546115
316.8949844302553
314.05073259155006
314.565060268631
316.22518625382133
314.87160795462955
310.67191736650676
315.49821065969013
313.8113798589808
315.34637415865166
315.97078358522367
315.3831211570949
315.7497964337215
312.70413954586445
314.6859418177092
314.5249893709892
316.1058680874311
316.743868943061
316.5252451861769
316.1046611754806
313.63463109287625
315.14611929423637
314.3455457807106
315.19708327029343
315.0139409210929
315.7465473563778
315.5873673633636
315.47752481486225
312.1502874421444
315.03280615366543
314.49289266472186
312.7056041525328
316.995442017679
314.9582815435358
313.1791824181646
311.55240170361947
311.3625380726083
315.66918888295976
314.3135928980422
313.8042668547625
318.4803350466251
317.0766556571406
314.65277216840474
313.464099558086
315.32516113511167
314.4089916115566
313.76461207529536
315.0388027713044
314.9627990400322
315.8737221434191
314.287403892135
317.43648462503177
314.51045553948745
315.30332478863477
315.1461978679132
312.71037230772197
314.86357829311424
315.4327177365255
315.3062032430171
315.84426289739866
310.7202934655499
315.6952203533248
315.26068890195035
316.28096796453127
312.5541816954983
317.2569840939684
316.4234124935736
312.3876214900828
315.9630629230392
316.08800193797777
316.2860491646345
313.60265111239954
315.49019480269476
314.35541376618687
314.6996630898839
314.97996956418365
315.35538253679107
316.48055923117704
314.2862459479227
315.059681237376
311.47347709687045
313.1875773073598
316.07165735265926
314.18434048503696
315.4521648247716
315.78175418630497
311.47347709687045
317.42742882340104
312.73297153964074
316.25367308329027
314.66315148101637
313.72960526056545
316.04999318472426
316.26314610268236
312.15961885423667
315.36834161943403
314.3302276825393
313.31376242835324
314.7732310357271
318.020234717375
313.3734110137882
313.73891528198635
316.1135602206465
313.95747378139407
314.5360579656172
316.36350681188514
313.6031837863173
313.37519826378696
314.1887484343759
315.0235466081368
315.89167537951596
314.8676351738546
314.17506571113364
315.35680175117494
315.567226762178
313.9927515413109
316.6201655245264
314.4678607997083
313.5303681817222
314.63437213488385
316.06564614024893
317.25952359152745
314.39362557417763
312.655074323633
312.8831790458522
315.36277594695736
315.39372204851134
317.0432444655904
316.16677730350864
315.2593317065802
315.42049594426044
311.53262884230134
315.6973603977135
315.0534158233954
315.4976730021628
315.08523950010294
314.6215022153946
314.1971083795686
314.56000285086935
314.6019983447587
315.47973469336387
314.4353624870366
315.0291577409133
313.6379281648701
314.4394743004557
314.2945961920761
315.11053010035357
314.00733289795454
316.0910389634083
315.5767591973382
311.9708965357734
316.37475818519175
316.5065587146146
315.4122296821549
317.38265949534696
314.1633951776187
314.5508870509647
314.20541664849276
314.91989802354726
316.3335328981443
314.01016285824693
313.0306265743405
312.0070682347659
315.3513495069047
317.77406428914287
316.65423751888545
316.9498138373521
314.9109837504485
315.302092629492
310.6835443606733
317.1258566543276
313.61758474759864
313.82396956654605
313.1989909401963
313.3957769508774
315.1288215120864
314.7418374595691
314.5731083442315
311.42302885526846
316.1894544667326
315.5440825921924
317.90938620551765
315.6610597786821
313.3724162117178
314.9324658077307
315.2636015655462
315.23656631292107
315.175258943397
311.74608894358084
316.4728874556073
314.24832999022806
315.85684195683365
316.0204977900892
302.3719217243379
315.8057374051185
315.290031067439
314.98864345621087
315.838103085002
314.5398426067127
318.09550789173767
315.6362709551038
315.0129312666941
313.4073653604833
315.9624344619168
312.7523805105541
