779.1278840370811
1099.7988981842773
807.6155918061809
824.0451628554603
1040.7287194981407
925.6701415039969
895.04439740492
748.0956231244261
775.2992543407147
812.4469732299507
778.9838327604892
755.8243596662923
796.9354497117939
927.0271767413667
866.3111354405024
801.2562822079151
1077.056094217177
833.4413978315088
790.7035554787736
1082.4815920492865
626.1550112992851
981.4558417155126
1018.358337962222
814.8709641920783
925.4406985052843
892.2713363110447
1163.9624964964576
943.7542186074656
984.1414773993611
803.0294006510435
908.2543524017834
911.0382129656357
813.1825568219446
782.3009410032794
632.897850128633
863.5860353238425
836.805887719334
786.294426184666
991.1352054300061
710.8431404535717
875.7767239374435
1035.768531739633
852.7508649256174
822.2748480484031
868.4414861347759
803.7141988734912
874.5166811439229
787.3635096664442
868.1184033255101
787.5582866761614
887.2754871621087
802.1338222123106
867.4138266006554
697.3087380632868
715.9265655892589
761.755357933249
808.6140281195977
814.2427368497487
1019.7419481791393
770.9123990511924
1036.3405694807186
851.945371800448
834.5139937689163
789.3740245644631
938.6105716720025
866.3348500418707
861.0943946376452
912.435367763257
810.3922043464728
943.2158580420319
845.4206561285154
849.6997854333051
749.6422906189033
860.1151360102202
741.6593672203334
886.8451697089749
972.531410087789
779.5592167636747
823.9478660751953
828.3554612347772
741.7068115791643
859.3341969720362
830.3961146398899
736.7221308919364
742.0320946302875
828.5390369819113
854.9986807837316
840.8744422148114
939.8791185146886
885.7100454900437
694.9988805801839
854.7670220215124
763.6591097941931
895.5972820229082
967.5870225780347
932.3444947978516
836.6435501479201
1005.2185453084458
864.6012138292986
902.2568561055514
652.504516683755
783.7962941500275
873.1703119600553
876.2672780898682
1005.245516663432
617.352335894211
828.3363609997077
726.8948875430942
674.0502143397794
822.4764123692402
929.8596741100397
891.4641875634087
766.5628200681277
746.8086977063091
888.3885510180121
778.0182059229767
785.0351616459973
846.8601040461925
880.4699722817232
838.3341361470096
802.7915900970307
707.6427482742083
1004.5170336885968
903.6480738708527
1142.8308987761438
986.2217819831911
844.127063611906
577.8894319019847
792.5101841404822
851.9582099571802
637.3265879936134
889.1003571823534
867.5257572913488
862.3353906360371
710.606570637221
717.1732496438409
814.3206632974242
876.8878562135358
768.4355284244165
881.0077878821431
789.081636078464
758.8160884001102
1049.4758303257777
969.2234992939149
870.5772717126373
731.8493894085395
799.7451822340262
945.5035471908654
1034.9055114955663
764.107235653633
900.6223169265896
786.8100347671842
656.7143476068076
829.3327576347662
713.3751548558447
931.9549260033284
775.6136476607049
788.9571179976781
899.1040411138925
581.2678396466988
654.3142452360333
793.9964227395945
757.4710082617979
745.9499806961354
932.2500099647968
1006.0482165208514
620.8190118758081
844.257693078502
912.3812825508578
876.4713784664478
761.0180996844748
833.2929709912622
771.4179229726783
871.9886865411611
859.307704626409
791.7234372401659
713.8912613795367
930.6290161469079
852.2983118984542
974.3165528035187
777.9566142750037
779.8016143071152
855.0754856258683
898.0716029351653
895.7002042314873
974.3165528035187
833.1939695932664
779.8990241672122
782.6789107592987
866.2072996364959
908.7196390025719
975.8203582103321
995.4090002295186
673.0585757962691
790.1155989215587
883.5145836508311
802.9035505983203
743.0524365436592
1115.5637526967603
684.6159120312913
671.7305859315351
945.8587856892933
780.3737013826238
745.2481302691702
922.635850866894
807.2663762655079
816.2499183075957
793.297329079607
731.9025330055425
834.1822712181455
660.1224602268893
804.8701694573598
864.6964718797692
845.2558321230302
752.7373079255126
852.9542520340532
843.3503486162771
846.4822770223547
936.6928081422863
1056.8726007166504
909.620203792574
913.0986391811392
780.7614980859686
696.8920923177234
836.5246702655214
749.2311624090471
899.4529424812439
815.8062513887581
941.3003588590371
974.0924049525693
721.8385128046199
901.5690410789709
844.2633885669987
824.9024562350347
784.4961869324237
771.7200020404997
975.9385732844275
759.422146316315
722.8508568739845
985.52442269368
898.3027726623426
821.1642065164859
807.2345205125845
726.2945091981306
967.235771799506
1035.433761235428
875.8295421379346
891.9379367655215
836.024878654325
680.7624460092132
1028.513385992434
1042.63731331782
790.3353183411783
877.4870406547777
920.2232686527001
981.0760303164649
842.8760295452963
726.2144088814241
804.1240720712857
853.6257941878451
675.1399899030365
755.2216288098623
774.2727242528305
871.284059955524
911.6270208585362
952.7689605078473
928.256539842046
911.0425825897004
657.2961383364076
997.1852066512231
813.2004372186876
791.8728061794044
842.8050051352213
831.8890713624877
792.0116529217144
798.2258018073393
791.6563932881935
740.5540545906741
858.5377014056559
851.6793495172936
1050.4217985212804
791.9043657356837
784.9348028602391
937.1474640161377
874.7819387960741
752.2788551908735
746.3696356127556
751.4519505175075
939.3140630040699
856.1467624201671
774.1189326373429
870.7578495582162
187.3225890522577
972.8500403965442
855.7647305308175
950.9673902655129
869.1947039578645
785.8841735089649
949.4076759435518
801.138862609772
746.1294988403578
846.5813880900483
814.6219533460851
780.6263571459265
