603.857
2777.709
822.983
1057.74675
1277.68
976.837
1349.712
1080.86
961.715
606.519
777.4405
710.89875
1137.584
702.8078333333334
881.478
945.83625
3130.034
1024.635
939.835
963.777
550.7660555555555
1125.929
1206.7592780035384
469.783
1477.593
1264.53
1434.732
1320.138
976.498
981.832
1010.6031926605505
1017.5433915060304
913.2409246873816
646.1105
842.82
829.4655
697.7827547169812
794.52
1012.83
943.349
1533.6525
647.378
622.4293333333334
920.682
968.644
673.037
695.9583333333334
941.188
795.193
915.921
478.711
1011.8355
550.199
638.9
654.588
661.801
1013.721
1672.34
1075.621
702.624
1683.597
829.5403157894737
974.972
1124.31375
1895.908
677.038
622.673
1257.521
892.9537247706422
1446.034
1473.287
962.341
682.538
797.385
606.4775
774.9896153846154
883.553
1138.47
795.977
909.733
5639.456
965.608
813.49
567.534
811.516
804.853
949.577
694.562
1599.3975
832.087
552.881
667.08
632.538
690.259
883.025
1363.7317970297029
1130.387
1377.4435
1250.165
888.7852432432433
891.6697333333333
735.1295
582.088
954.4109157894737
1595.1745922330097
600.224
1459.129
850.372
715.172
854.4861666666667
1120.582
1027.7153467741937
858.402
717.111
655.394
810.922
668.662
1360.2206801801801
1557.0115
511.0394376811594
586.5303333333333
849.913
1060.256
530.662
1537.875
1108.824
856.527
820.0946
812.39
987.879
545.983
1478.4916813186812
1753.0483333333334
955.3685
1181.7263333333333
894.936
909.486
1536.087
604.836
1331.94
1896.488
1267.96
1767.8455
999.535
912.501046728972
442.415
893.1324842105263
984.2343846153847
1039.372
477.7465566037736
1286.924
881.619
926.52825
1252.26
1402.02
810.797
1130.841
750.900625
1480.673
690.008
717.6723333333332
1083.4020545454546
809.71
1373.5133333333335
821.556
1450.227
794.6443333333333
724.782
1228.473
1194.986
896.967
1937.0805
788.286
617.0221880503144
778.459
618.329
1060.305
688.141
567.845
1049.0507926963949
704.4425
997.313
685.976
812.386
963.934
1049.0507926963949
752.106
1211.46425
635.231
785.518
2319.97
675.225
1360.927
762.378
752.879
875.843
841.59
1181.5180545454548
1441.322
488.264
1174.998
1443.781
690.33
627.2222831858408
1429.968
1047.628
869.707
547.851
878.596752293578
1101.456
1317.336
847.699
1164.729
816.0385
666.579
1373.4851666666668
756.94
1529.754
1043.297
2220.197
1311.4443333333336
1094.271
654.109
1284.5428
895.1825
769.309
720.6686666666667
907.7244824561403
595.8946
905.791990825688
670.4818333333334
682.85
595.1658333333334
703.954
864.929
421.424
938.399
1650.461
576.0213333333332
1642.692
886.2657378640777
1171.222
886.962
964.755
1015.894
1818.226
962.724
759.956
518.20425
477.9234
1424.974
1398.816
831.4686666666668
633.901
676.9691823129251
2130.332
631.8271512605043
718.224
891.048
787.592
780.557
934.0154716663579
551.092
944.482
1078.182
1043.662
606.508
1022.157
717.359
998.8447166367162
640.732
507.136
698.8175
854.929
1171.757
549.9973333333334
487.131
1116.009
866.794
903.165
1052.986
1087.4376666666667
950.606
964.558
1165.4745
994.447
786.679
579.216
909.919
640.467
853.482
627.789
812.8594
989.7118086956522
644.888
1067.815
893.384
755.26
1054.5809913043477
853.4672888888889
812.053
502.029
1074.16
539.85
