625.00885
469.4628
313.9788
426.9753
635.57965
600.7313
295.44397
603.8807
491.79843
368.58676
494.33734
458.32104
503.3534
582.7389
445.43936
399.7651
694.885
619.72577
517.7393
1087.274
389.0657
546.9335
737.7585
492.669
293.69583
400.43137
815.20416
357.13095
686.0328
488.4027
583.9209
617.8992
659.0795
580.50555
427.99338
515.4267
525.9189
613.2658
535.0712
356.4886
576.65796
649.2482
616.6813
600.4687
697.73596
600.11096
550.49744
554.1725
407.33978
517.5275
569.41003
599.86066
772.48175
454.82877
605.2097
509.53592
445.7628
458.31085
597.0867
326.4156
2948.8442
497.06546
546.5978
507.45294
559.6786
429.80304
917.9951
629.6778
715.3085
558.6358
561.83215
523.5185
586.2671
510.54016
438.7449
575.3689
587.30457
533.5465
342.625
619.5004
585.21246
662.6328
610.1393
400.78607
471.78015
507.8694
656.46466
458.76004
472.97565
804.8934
378.6529
369.54395
445.73624
638.91
581.23926
415.38077
421.28394
517.02924
507.4758
652.68604
470.35205
441.419
475.1215
589.3174
944.17664
513.2683
701.53217
424.6925
601.4704
564.66504
505.24527
629.1953
424.8835
485.75143
492.39917
495.87552
314.83643
519.6682
537.40155
452.43375
447.02176
352.56308
648.58344
490.9283
499.79974
549.8847
544.0271
397.5261
489.94913
393.9548
420.04828
583.77136
1667.0618
779.0752
362.87595
339.57812
538.1508
690.80426
513.2535
701.0067
1923.8156
546.7384
572.2608
670.7285
615.4553
532.1753
490.91492
688.4077
642.34216
455.59784
621.9043
393.74643
476.7683
421.3031
609.23267
566.40845
522.11304
697.0897
584.28217
330.8679
474.85236
570.0454
413.7407
521.4212
585.17523
538.0423
253.72226
488.82407
566.01184
575.21686
523.22485
380.4987
452.49905
444.96417
491.78497
672.1188
599.1262
511.552
523.3526
711.9248
513.0621
372.874
604.38855
556.91644
434.67368
711.9248
614.07623
442.9807
402.22382
470.1572
598.9149
732.3152
644.85376
412.12964
451.8679
539.54877
359.23016
499.27084
613.45953
509.5868
473.1362
649.5623
591.78217
434.6163
618.27795
700.48444
492.40924
480.56497
585.1413
659.00085
473.76007
619.7986
570.036
488.1741
524.2239
516.3288
615.78577
586.9312
622.2473
688.53564
524.0783
732.1361
489.78345
559.4309
569.89014
425.7774
480.89005
441.9154
506.98337
501.9642
439.5799
495.5678
554.32965
627.8977
566.37476
359.0284
620.167
587.41785
333.2204
535.6289
614.76526
683.8369
471.34732
562.087
545.62115
653.73376
559.0954
454.8121
570.3687
401.41876
653.43726
996.629
425.0366
522.1888
538.00397
479.98495
565.45825
454.5799
479.0883
593.4419
467.20828
490.8042
403.6109
381.01532
665.3793
518.0646
443.90704
408.67017
470.34598
521.84845
480.65323
341.5158
554.20087
432.67374
533.655
416.52594
444.93192
410.1561
479.77737
413.88205
454.80252
392.21265
468.29788
477.82828
637.6341
608.5126
480.6011
414.96283
642.6398
537.6128
471.7189
653.59216
353.1047
764.4171
620.1
627.00854
664.4788
530.143
618.7731
573.8777
570.8562
545.3179
591.2763
463.10983
